11

();{}[],
3
0 1 2
0
1
1
CAT_SPECIALCHAR
1 1 1 1 1 1 1 1
2 2 2 2 2 2 2 2
2 2 2 2 2 2 2 2
2

=>+*
3
0 1 2
0
1
1
CAT_OPERATOR
1 1 1 1
2 2 2 2
2 2 2 2
2

0123456789
2
0 1
0
1
1
CAT_NUMBER
1 1 1 1 1 1 1 1 1
1 1 1 1 1 1 1 1 1
null

abcdefghijklmnopqrstuvwxyzABCDEFGHIJKLMNOPQRSTUVWXYZ0123456789
3
0 1 2
0
1
1
CAT_IDENTIFIER
1 1 2 1 2 1 1 1 2 1 1 1 1 1 1 1 1 2 1 1 1 2 2 1 1 1 1 1 2 1 2 1 1 1 2 1 1 1 1 1 1 1 1 2 1 1 1 2 2 1 1 1 2 2 2 2 2 2 2 2 2 2
1 1 1 1 1 1 1 1 1 1 1 1 1 1 1 1 1 1 1 1 1 1 1 1 1 1 1 1 1 1 1 1 1 1 1 1 1 1 1 1 1 1 1 1 1 1 1 1 1 1 1 1 1 1 1 1 1 1 1 1 1 1
2 2 2 2 2 2 2 2 2 2 2 2 2 2 2 2 2 2 2 2 2 2 2 2 2 2 2 2 2 2 2 2 2 2 2 2 2 2 2 2 2 2 2 2 2 2 2 2 2 2 2 2 2 2 2 2 2 2 2 2 2 2
2

"abcdefghijklmnopqrstuvwxyzABCDEFGHIJKLMNOPQRSTUVWXYZ0123456789 ,.;:!?
4
0 1 2 3
0
1
2
CAT_LITERAL
1 3 3 3 3 3 3 3 3 3 3 3 3 3 3 3 3 3 3 3 3 3 3 3 3 3 3 3 3 3 3 3 3 3 3 3 3 3 3 3 3 3 3 3 3 3 3 3 3 3 3 3 3 3 3 3 3 3 3 3 3 3 3 3 3 3 3
2 1 1 1 1 1 1 1 1 1 1 1 1 1 1 1 1 1 1 1 1 1 1 1 1 1 1 1 1 1 1 1 1 1 1 1 1 1 1 1 1 1 1 1 1 1 1 1 1 1 1 1 1 1 1 1 1 1 1 1 1 1 1 1 1 1 1
3 3 3 3 3 3 3 3 3 3 3 3 3 3 3 3 3 3 3 3 3 3 3 3 3 3 3 3 3 3 3 3 3 3 3 3 3 3 3 3 3 3 3 3 3 3 3 3 3 3 3 3 3 3 3 3 3 3 3 3 3 3 3 3 3 3 3
3 3 3 3 3 3 3 3 3 3 3 3 3 3 3 3 3 3 3 3 3 3 3 3 3 3 3 3 3 3 3 3 3 3 3 3 3 3 3 3 3 3 3 3 3 3 3 3 3 3 3 3 3 3 3 3 3 3 3 3 3 3 3 3 3 3 3
3

retun
8
0 1 2 3 4 5 6 7 
0
1
6
CAT_KEYWORD
1 7 7 7 7
7 2 7 7 7
7 7 3 7 7
7 7 7 4 7
5 7 7 7 7
7 7 7 7 6
7 7 7 7 7
7 7 7 7 7
7

while
7
0 1 2 3 4 5 6
0
1
5
CAT_KEYWORD
1 6 6 6 6
6 2 6 6 6
6 6 3 6 6
6 6 6 4 6
6 6 6 6 5
6 6 6 6 6
6 6 6 6 6
6

els
6
0 1 2 3 4 5
0
1
4
CAT_KEYWORD
1 5 5
5 2 5
5 5 3
4 5 5
5 5 5
5 5 5
5

ifnt
6
0 1 2 3 4 5
0
2
2 4
CAT_KEYWORD
1 5 5 5
5 2 3 5
5 5 5 5
5 5 5 4
5 5 5 5
5 5 5 5
5

void
6
0 1 2 3 4 5
0
1
4
CAT_KEYWORD
1 5 5 5
5 2 5 5
5 5 3 5
5 5 5 4
5 5 5 5
5 5 5 5
5

char
6
0 1 2 3 4 5
0
1
4
CAT_KEYWORD
1 5 5 5
5 2 5 5
5 5 3 5
5 5 5 4
5 5 5 5
5 5 5 5
5